2 0.31796875 0.51953125 0.121875 0.16640625
2 0.4203125 0.46171875 0.109375 0.134375
2 0.371875 0.13203125 0.07265625 0.22265625
2 0.25703125 0.08203125 0.0890625 0.115625
2 0.6703125 0.48359375 0.07265625 0.2375
2 0.7 0.65078125 0.1328125 0.17734375
2 0.5828125 0.5875 0.08046875 0.1609375
2 0.5359375 0.678125 0.10625 0.16875
2 0.64375 0.78671875 0.09140625 0.09375
2 0.68203125 0.92109375 0.090625 0.15
2 0.4109375 0.59453125 0.10703125 0.103125
2 0.0796875 0.44140625 0.07421875 0.13125
2 0.134375 0.203125 0.06015625 0.24296875