1 0.6953125 0.68984375 0.1015625 0.1171875
1 0.64375 0.56640625 0.07890625 0.1703125
1 0.525 0.6203125 0.1 0.08125
1 0.40546875 0.3859375 0.08515625 0.16953125
1 0.27890625 0.29921875 0.06796875 0.22734375
1 0.325 0.56015625 0.07421875 0.1359375
1 0.34140625 0.72109375 0.05703125 0.15625
1 0.4015625 0.78359375 0.08828125 0.078125
1 0.6859375 0.18984375 0.1140625 0.1640625
1 0.63828125 0.37578125 0.08359375 0.09765625
1 0.84140625 0.65703125 0.12265625 0.1609375
1 0.86015625 0.8140625 0.14765625 0.0765625
1 0.696875 0.91953125 0.0859375 0.12890625
1 0.2078125 0.521875 0.1140625 0.09296875