3 0.696875 0.1625 0.1046875 0.32421875
3 0.846875 0.39453125 0.2359375 0.14375
3 0.703125 0.89375 0.1015625 0.2125
3 0.54375 0.9125 0.10078125 0.175
3 0.25078125 0.9359375 0.14375 0.128125
3 0.140625 0.728125 0.08203125 0.26796875
3 0.22265625 0.48125 0.071875 0.17421875
3 0.33046875 0.3640625 0.115625 0.084375
3 0.3453125 0.46484375 0.07421875 0.11328125
3 0.45234375 0.428125 0.06328125 0.17265625
3 0.75078125 0.74296875 0.1265625 0.0953125
3 0.55859375 0.77109375 0.14765625 0.09921875
3 0.4375 0.5875 0.09453125 0.109375