3 0.5234375 0.62265625 0.05078125 0.20703125
3 0.40546875 0.20078125 0.12734375 0.1296875
3 0.684375 0.82578125 0.07578125 0.28125
3 0.57578125 0.75 0.096875 0.17421875
3 0.27109375 0.68515625 0.09375 0.11328125
3 0.15859375 0.62578125 0.08203125 0.14140625
3 0.08828125 0.803125 0.07265625 0.18046875
3 0.0859375 0.2203125 0.10078125 0.14921875
3 0.2609375 0.1828125 0.0796875 0.1453125
3 0.2734375 0.30859375 0.05859375 0.17109375
3 0.32109375 0.40234375 0.12578125 0.09296875
3 0.4296875 0.8140625 0.1 0.13203125