0 0.721875 0.45546875 0.16328125 0.06015625
0 0.6453125 0.4046875 0.10546875 0.08203125
0 0.49375 0.453125 0.10078125 0.09453125
0 0.52578125 0.61015625 0.09375 0.103125
0 0.609375 0.696875 0.11875 0.08125
0 0.6171875 0.85390625 0.11953125 0.1578125
0 0.359375 0.65234375 0.06875 0.0859375
0 0.221875 0.6609375 0.15859375 0.07734375
0 0.28046875 0.62265625 0.1125 0.05703125
0 0.45234375 0.61484375 0.07421875 0.08046875
0 0.34140625 0.53984375 0.15234375 0.06171875
0 0.4140625 0.48046875 0.08203125 0.08671875
0 0.4453125 0.35703125 0.1234375 0.07265625
0 0.39609375 0.38046875 0.0890625 0.0921875
0 0.3296875 0.3828125 0.0859375 0.09921875
0 0.26171875 0.38515625 0.07734375 0.08203125
0 0.56171875 0.2296875 0.1921875 0.10625
0 0.48125 0.1796875 0.075 0.16796875
0 0.4234375 0.1828125 0.06796875 0.17109375
0 0.33359375 0.21640625 0.103125 0.13046875
0 0.37890625 0.278125 0.0921875 0.06171875
0 0.84609375 0.71875 0.13828125 0.1828125
0 0.7328125 0.65234375 0.1328125 0.06953125
0 0.82421875 0.5734375 0.115625 0.065625
0 0.92109375 0.62421875 0.128125 0.06953125
0 0.60078125 0.5625 0.1359375 0.07421875
0 0.28671875 0.78828125 0.184375 0.04609375
0 0.2328125 0.74375 0.16171875 0.08125
0 0.40703125 0.84140625 0.13046875 0.125