2 0.33203125 0.21953125 0.07890625 0.21171875
2 0.23984375 0.3984375 0.07734375 0.18515625
2 0.11328125 0.29765625 0.08671875 0.1359375
2 0.49765625 0.46640625 0.04609375 0.14296875
2 0.5859375 0.365625 0.06328125 0.15859375
2 0.63515625 0.53125 0.13671875 0.11015625
2 0.9046875 0.8375 0.16015625 0.10859375
2 0.61484375 0.69609375 0.12265625 0.065625
2 0.246875 0.60625 0.09296875 0.12734375
2 0.1609375 0.4765625 0.08671875 0.103125
2 0.4046875 0.39921875 0.1171875 0.0671875
2 0.18984375 0.3015625 0.05546875 0.2